101
79
-93
-124
25
12
64
34
-74
126
120
-46
-122
-118
47
-84
-95
77
-53
-93
114
-81
-72
64
45
37
-115
-23
73
73
-63
47
24
-28
51
-78
112
-12
84
-90
-14
76
-7
-7
87
-88
37
120
118
112
-101
104
-96
-45
40
77
120
53
-74
66
-1
-8
-15
-105
92
-92
-55
77
24
-98
115
-117
106
-20
4
65
21
-87
57
11
-103
85
-13
-71
-88
-100
-122
-95
81
-67
99
-48
53
-44
-24
17
-8
49
-34
-111
79
-46
-100
58
62
32
-5
-45
73
-75
94
98
-118
-46
-100
-78
-18
-94
-45
-65
-33
-74
16
-108
10
120
38
-125
41
-124
-108
-7
-42
-80
-77
-107
80
46
-24
25
99
-57
-5
109
25
23
-96
-121
58
-13
-58
-103
42
86
-82
-76
78
84
-73
-8
88
-53
113
-81
-5
-92
-60
-53
82
44
100
54
115
-32
35
12
119
67
19
49
-73
90
75
97
48
121
-107
-1
77
-51
119
37
24
104
84
-108
-116
-104
-33
94
69
-60
20
56
36
-72
-59
27
123
88
-51
-78
50
-104
-109
-29
-111
-87
98
94
-10
89
3
-114
65
-40
-94
77
-16
2
43
-75
70
-64
110
-22
-8
-77
-123
-13
-117
-46
38
62
-22
57
-95
-5
98
-125
-39
-40
92
93
-25
29
-75
9
-22
37
-117
-107
91
81
-43
73
-69
77
124
-63
-63
-121
19
103
69
126
32
102
-7
3
105
83
91
69
48
-62
-30
101
76
76
10
87
98
-27
41
-73
-82
100
-123
-86
-91
-58
-78
57
-83
119
55
77
94
-80
-48
71
-125
-84
13
51
-18
111
24
-70
60
-93
-110
30
8
59
85
55
31
90
97
69
-96
-109
-2
-51
-117
-75
-101
105
-27
-21
48
-23
23
-67
-100
-122
-83
53
-64
105
88
-46
7
-32
