-109
-31
46
73
86
50
-39
69
-44
-24
-26
-50
-59
62
-97
-92
-17
-29
-123
-21
-101
-115
-57
-123
-63
18
-88
123
80
103
8
99
-56
-74
44
-97
104
-122
100
-67
-18
-54
11
51
-120
42
88
-9
-114
93
99
-87
106
-86
-82
-85
61
-42
-89
13
-66
47
-16
6
101
-100
37
77
-94
10
-118
16
84
21
-60
93
-64
-100
-44
-50
121
-73
-9
99
-30
38
-114
-97
124
-75
44
-70
100
-100
65
73
-72
-26
23
-37
112
33
107
69
-73
-81
34
-9
-53
118
69
-60
-82
-68
-89
16
98
-74
47
95
-21
-37
-103
-48
-9
90
-103
47
-63
48
-118
-79
-46
118
118
9
-91
24
-128
-15
15
69
53
61
-127
93
-51
100
-109
124
67
-2
-41
92
78
78
55
104
-3
120
24
8
-87
106
-2
-96
-13
35
56
-13
-108
-57
-72
74
-124
-70
39
-47
-98
58
-51
97
-72
36
61
-121
-14
-12
111
112
-20
7
-8
22
-14
118
54
101
25
-18
-39
46
54
17
-8
58
75
-97
-116
105
89
-39
74
-111
126
8
-104
-16
124
-121
-32
-23
15
88
127
-127
78
53
102
-24
-93
-65
-106
89
81
14
20
28
45
32
6
6
121
-48
23
119
88
48
-24
85
55
72
-66
-58
33
-67
-57
-17
114
-82
87
-107
-19
109
111
-66
-5
3
91
-88
-93
-31
46
-100
49
-58
-108
10
118
-4
-33
45
-60
29
116
101
90
-69
-43
76
-23
-84
97
87
-102
80
-107
21
-45
112
62
-10
-47
-20
19
-125
50
39
13
40
-93
108
-42
-25
9
-54
-51
-29
5
34
-81
111
78
-112
70
104
97
91
-2
-76
76
-68
43
-99
40
-66
-96
-37
101
45
-125
-120
25
-39
-17
-94
35
60
5
-87
-34
52
-104
-83
69
94
