56
-8
59
57
-84
-62
112
124
120
11
61
47
-30
-98
2
31
-36
18
-96
-56
41
41
-54
-77
-37
-10
-127
2
-37
111
6
-108
-25
-63
77
19
3
62
15
-5
-55
-52
-85
43
-22
45
-53
70
-64
-21
-114
105
-108
-40
-100
-16
78
-98
114
-86
-115
-7
-66
-12
58
-117
-121
-66
73
22
57
-109
99
100
62
-51
18
-119
-108
82
-11
-94
59
9
-5
88
121
-55
118
108
-13
-125
-27
49
-9
-97
61
-2
-35
6
-108
-105
25
119
123
-40
-59
13
-31
-39
-33
86
-5
-101
-32
118
115
-39
-64
105
-59
51
108
42
-27
-29
74
-94
97
-89
40
117
-66
-62
109
-70
26
-78
71
123
11
-89
82
-122
-62
-78
125
-75
11
-67
-98
81
112
-118
-5
-43
-19
-59
-9
-50
-19
-96
-61
43
-30
-80
101
124
-30
45
119
109
84
73
116
-106
123
113
-53
7
-82
-23
-40
-98
-13
83
-12
96
-103
107
-82
6
-117
-15
-79
-19
34
-105
-23
-124
68
-31
114
24
-86
102
46
-90
87
121
45
-123
-30
-123
-93
85
88
23
53
113
3
99
-9
14
-44
41
124
118
64
-27
123
4
70
109
-100
113
83
74
-105
42
67
68
47
-91
73
82
122
33
-22
47
19
109
18
-118
-5
102
51
-9
93
-13
93
88
119
35
69
-109
20
24
93
43
-62
32
-17
113
69
-72
67
63
90
-83
-18
-19
-102
-128
-9
22
103
-85
-115
68
30
106
28
22
14
-31
41
-94
121
7
78
-69
-89
-67
-84
109
-10
111
44
-48
-99
-101
61
-73
-101
-76
77
-126
-33
91
70
126
69
-30
20
-45
67
-67
-10
60
68
-60
119
108
1
-93
89
119
-109
5
-57
-80
32
-124
-25
60
-71
-75
62
24
-112
5
22
85
103
-86
