-24
-9
-116
6
47
127
41
-33
40
52
57
-121
99
61
83
68
27
101
19
18
-31
-28
-1
16
-13
47
-65
85
-116
-77
72
-12
42
84
122
-38
83
35
57
-4
-41
-14
3
-70
-81
-41
126
75
-68
17
-35
30
118
92
-82
-23
11
-19
-66
23
32
-122
-117
-53
90
-123
37
45
40
-34
-87
127
80
45
-70
127
-124
-72
74
-64
74
-89
94
64
-125
-116
-87
14
-6
-25
-91
-102
-19
-80
-27
-57
-75
-118
116
93
-24
-98
93
-72
75
-105
-72
79
-49
-126
-113
-103
-86
110
89
-83
122
-126
60
-12
-23
97
15
86
-110
116
-99
-57
127
-110
-91
-25
-80
-126
32
123
-103
88
74
-24
90
89
2
-124
71
-37
-78
66
-34
110
-74
71
79
69
30
97
58
59
-87
57
77
-50
-96
125
-48
64
120
-23
24
66
81
-13
28
-45
-9
-29
47
41
-91
-115
23
-36
84
-25
-95
-14
-56
91
-82
-15
20
123
63
53
121
-113
-11
113
-8
-114
52
-54
1
-48
29
120
51
-52
34
89
-39
-71
-75
-82
32
-42
32
105
-78
78
-38
70
74
-102
-5
67
-87
113
52
34
127
-24
108
0
56
9
-8
-20
86
-102
-59
-81
-44
-6
-35
116
80
126
93
-126
76
-72
73
22
-46
-60
-39
-5
-75
-114
-99
-76
-10
-119
52
-81
19
-83
27
-23
-57
96
24
27
-38
118
16
-86
116
-19
-83
64
37
118
-41
119
-70
48
-13
-16
62
16
36
-75
26
-39
-28
-83
6
127
22
77
95
-82
-23
-71
-92
121
-29
-104
-26
16
89
-116
6
-80
-125
65
96
-10
-79
31
-121
85
84
33
-82
-72
78
52
-73
-28
2
-106
18
107
-49
55
100
50
79
-54
-61
40
-42
73
88
-38
10
57
80
59
-40
87
17
-84
