-65
-102
-84
1
31
10
-16
-117
-71
-84
-119
-11
26
126
48
-87
-61
-91
86
-9
74
-58
101
100
32
71
94
127
-91
37
-5
-28
64
39
102
-33
-78
-42
-21
-21
2
-12
96
-100
-14
16
-59
53
53
-101
-84
-1
-31
-111
-28
-127
88
-62
-127
125
104
-4
-30
40
-93
-56
-121
-43
30
-14
64
-96
102
32
-68
-40
-79
2
-114
102
29
-70
-26
127
-52
74
-128
-92
-116
-127
-94
116
-3
4
28
33
76
36
118
-22
-106
55
10
125
-41
70
-43
8
-56
-29
-17
102
30
85
101
106
31
101
-114
43
103
-80
32
-28
52
-68
-123
0
96
124
106
119
51
-12
116
-118
-69
-55
19
3
45
-126
-23
-53
