-80
-127
39
86
85
-98
-55
29
-4
-6
12
-14
-56
21
-78
-108
-25
-48
84
-83
-48
10
24
-104
-125
28
-50
55
56
116
99
104
117
10
62
74
40
-121
-24
-92
1
116
23
74
10
73
94
113
-103
51
-98
-23
-67
54
1
-64
-45
79
119
-117
67
91
115
56
-27
49
3
-114
56
107
-78
-71
95
73
-125
-23
18
98
-38
44
21
-8
-107
82
-81
23
-110
2
-26
-118
13
-86
101
0
98
-54
-79
-27
-40
105
-48
11
-94
-80
-44
-90
25
103
-120
116
19
29
-20
40
-17
27
-65
1
-99
38
11
42
80
-16
-86
50
59
-37
-104
-109
-60
-24
30
-25
24
115
13
-78
90
21
-90
-19
-78
18
