42
-67
-51
-77
78
-40
119
43
67
-39
-35
71
-85
78
-29
-101
-49
-58
-76
-51
-123
85
-76
59
66
54
-117
127
98
37
126
12
98
-53
63
49
35
55
-36
-25
-112
57
-82
-69
7
18
-42
87
88
11
-92
94
-32
-39
25
-94
-113
36
-95
113
-54
-97
-3
-84
-22
-67
93
-114
116
-71
-11
-124
114
35
-64
-6
-75
22
-47
-114
-95
-11
108
1
78
5
36
94
-86
69
79
-12
101
-51
32
-49
10
-2
-35
-2
55
82
2
42
-10
66
-92
43
-39
-11
57
-6
106
37
124
57
-85
32
23
-43
-27
-26
73
-54
51
-23
26
-67
103
119
59
31
74
-66
-55
-64
-128
-19
107
-39
98
37
84
76
