-121
61
55
-63
1
119
91
117
125
49
45
6
-108
-60
-42
-108
94
49
93
89
77
-45
-75
70
63
-75
29
-48
100
124
10
107
57
-63
-84
-70
-72
-121
-80
-74
57
93
60
77
-95
-109
98
127
68
63
88
17
-110
-115
-40
81
-62
117
-95
-90
113
44
-110
43
109
-66
101
-90
-58
-107
-36
127
114
-104
76
-109
-85
46
-109
112
-18
107
1
0
121
89
-46
-69
78
-13
-30
64
-97
-12
-21
-115
50
-48
-77
120
-26
15
119
-40
39
68
-20
83
-14
-1
67
96
-22
-60
-31
-29
-98
51
31
108
-90
-127
44
-58
-11
-105
-45
-89
-24
6
-96
78
-107
-105
-90
60
91
18
15
-50
-111
-46
-82
-4
